.Random.seed <-
c(403L, 10L, 912063398L, -528745168L, -1405206573L, 519581169L, 
2125978400L, 1604294078L, -680153655L, 458404219L, -664275126L, 
-1681971284L, -287019345L, 1145793637L, -1425171428L, 1519415922L, 
2126087405L, 1163926823L, -180041394L, -894637656L, 2118823339L, 
65742537L, -280936744L, -443079802L, 1348548193L, 738504691L, 
770228834L, -425757484L, -1322691113L, 599580621L, -363521180L, 
168509258L, -127080779L, 516226575L, -413880554L, 457046464L, 
411322755L, 1964535713L, -2105294960L, 634528878L, -1132064231L, 
1253628587L, -735863142L, -317375908L, 1609566047L, -286500555L, 
-474679092L, 999539234L, -1064248195L, -210467465L, 548973214L, 
-1245697704L, -914009925L, -2086302119L, 1579343336L, -1562056682L, 
-805366895L, -1678336957L, 191927122L, -96421916L, 1243940391L, 
2042216061L, 250003316L, 1706857306L, 469845413L, 188080575L, 
1428425286L, 912279760L, -1479351565L, -1601145839L, -746462656L, 
-1375242722L, -987225879L, 299213339L, -1939439062L, 115901772L, 
-1354938609L, 1990322757L, -1942070276L, -1878089134L, 1379925965L, 
-1115326073L, 366046318L, -818572216L, -1002295733L, -563936343L, 
564136696L, -1823171034L, 1100191553L, -1429480237L, -2017935230L, 
1490386612L, -892143049L, 946028845L, -1712025020L, -769814678L, 
1709161429L, -39469713L, -1790564234L, 1918829472L, 1647260771L, 
-1092706047L, -630264720L, -497842162L, 2005153913L, 917452811L, 
1210636602L, -1499051972L, 450076543L, -1845340971L, 1403005164L, 
-1345265086L, -702487139L, -71303145L, 1943975294L, 1522142008L, 
-726453221L, -545231495L, -508265528L, -1036294154L, 181709361L, 
-996098973L, -853883854L, 1776648580L, -668014649L, -1329370467L, 
811276820L, -187754310L, 1739744517L, -1993232673L, 1636430694L, 
95376112L, 1617474067L, 1823759281L, -1593457056L, 1315357694L, 
-1563337847L, 139979963L, 1171425418L, 379132780L, 708247791L, 
-1138013403L, 440694236L, -2111278158L, 811440813L, 158536295L, 
-1145310834L, 1109440104L, -172629397L, 56917001L, 1128678040L, 
-1961216570L, -1078864607L, 1259951539L, 774136098L, 1925192468L, 
-1124047977L, 976112525L, 1622759076L, 451664010L, -1001824523L, 
-1093910193L, -639652266L, -446778112L, 76468291L, -252083231L, 
1906572112L, 1177750958L, 634110809L, 810871147L, 858370266L, 
-1936623204L, -1898936929L, -1917896715L, 167294604L, -842210462L, 
-1457534147L, 720821175L, -1083600802L, -1118974568L, -150021893L, 
-724556647L, 1451615528L, -1674452010L, 626235473L, 220969731L, 
1918982802L, 762365988L, 737072871L, 1189071677L, -1042574412L, 
202842138L, -2036702363L, 369532415L, -1514237818L, -1915642864L, 
1865367219L, 548752721L, 1331397888L, 189542366L, 638528553L, 
-1434711077L, -1723076374L, 2066292364L, 845750735L, 1150989701L, 
77483580L, 536789778L, 1358798861L, 1986069319L, 1056520494L, 
-1753878392L, 340759947L, -248017559L, -1982464200L, -1252007450L, 
588969345L, -385472237L, 1949165250L, 89194868L, 760404343L, 
1360783981L, 1313973508L, -1013432278L, 678141333L, -1083973073L, 
-2048561354L, -1503105184L, 754210211L, -1714764352L, -125121732L, 
1539599504L, 257137442L, -1306364408L, 953255180L, 1332966812L, 
657559058L, 611605376L, -393792748L, 104935720L, 1216595002L, 
664767440L, 1425488492L, -1462930892L, 964229778L, 1730594144L, 
-2018510516L, -1015674912L, 1045198242L, 1206695336L, -996206964L, 
-1708884548L, 1245122162L, -1393781776L, -1382961596L, 514830424L, 
1545812026L, 177660016L, 746305596L, 655827220L, 1640129218L, 
1431496416L, 1844697212L, -49318192L, 1177090466L, 268585000L, 
422038284L, 1492388284L, 735302450L, 921131712L, -1807963084L, 
-1080029496L, -934161222L, 1228265104L, 458743532L, 383248980L, 
-520842606L, -820061920L, -654327348L, 1931289312L, -722112318L, 
-2142327768L, -1468508244L, 571235004L, -392401934L, -1063946704L, 
-1318748252L, -1283379784L, 820160346L, -527495024L, 53156732L, 
-1536294636L, 925055298L, -1402920704L, 1556458940L, 103899472L, 
-639469278L, 314210888L, -1931128820L, 1295644252L, 807487954L, 
1502426624L, 1491629396L, 893160680L, 1404297466L, 1904977616L, 
-963712212L, -624725772L, -96921198L, -300491424L, -1416098804L, 
1430846688L, -1254210974L, -1889057624L, -1822475188L, -1704896644L, 
-1579042510L, 548500080L, 785249092L, 219452376L, 2109252474L, 
2098563120L, -1905365060L, -1327701420L, -1805152190L, 1975053984L, 
1446740668L, -1157477424L, -1478312606L, 496017128L, -135447348L, 
-483782148L, 1260641778L, -967138176L, -242456076L, -1847125368L, 
-871347398L, -356962992L, -1508430740L, 126756244L, -367411118L, 
-1330545184L, 75633868L, 1631551136L, -31952510L, 100546792L, 
-1422148884L, -1378269892L, -883077006L, 191992432L, 901163556L, 
307714104L, -290641638L, -1844230960L, -637630148L, -132021356L, 
-853198974L, -1859859520L, 207267388L, -1789959792L, 1106155554L, 
155018504L, 1716607116L, 1493675804L, 1911100562L, -193596032L, 
1183330324L, -1689037016L, -232618438L, -1993469488L, -1460741780L, 
-1409862732L, 966208018L, 1420257248L, 2028718540L, 111794400L, 
78244898L, -1705553112L, -2009966068L, 576824124L, 1634263026L, 
-1138830608L, 914471492L, 2064117336L, 410023738L, -1292693520L, 
1226261180L, 1913902356L, -204055358L, 1847708768L, -1843858052L, 
-2004512816L, -966557406L, -1500490072L, 80467852L, -490793796L, 
306432818L, -1312881088L, -1498188620L, 315597896L, -1695930950L, 
-428037616L, -1302053652L, 489963860L, 1125192466L, 2047880608L, 
-333546804L, 967539296L, -988168254L, -1724034264L, -31475284L, 
-395604676L, 1144716146L, -923878096L, 1195321124L, -758971080L, 
1076365018L, 1863892880L, 1847057148L, 1576946580L, 450372674L, 
724595968L, -208603076L, -424084144L, 997233826L, -1256133816L, 
1877106444L, -751132964L, -497193134L, 1495414400L, 132241492L, 
-824597528L, 110451450L, -1191328432L, 2070196012L, -1701788812L, 
831615890L, -437542304L, -104253556L, -955402400L, -395332638L, 
364866472L, -1696498484L, -52774404L, -1989204046L, -1252346384L, 
96146884L, -2022315688L, 1990008186L, -1343349328L, -34409540L, 
-1421524908L, -1374842942L, 1646120992L, -2135215940L, -2029974960L, 
-1335849757L, 1840522212L, 968897298L, -2088288537L, -246691663L, 
-1194382602L, 436350228L, -1141640667L, 1489125167L, 877986024L, 
226910662L, -1892773773L, 999668437L, -1537996622L, -46146432L, 
-191283095L, 962837723L, 1613541420L, -1460457414L, -233238801L, 
1827160441L, 1973423630L, -1437044772L, -510252979L, -1447351369L, 
1199060288L, 952792094L, -342871317L, 608426605L, -1146942758L, 
167711384L, -1227771647L, 104969907L, -1524244012L, -1733701406L, 
-1674188425L, 561936577L, -1611103162L, 1869859716L, -334480075L, 
1835215647L, 964861560L, -2097446058L, 122030563L, 1953816485L, 
-1583448510L, 1765180464L, 1903712345L, -918317621L, 1669264956L, 
1479739498L, 1532416671L, -1455530199L, 1874478014L, 897430188L, 
1184595965L, -2027722937L, 1431029808L, -1633746610L, -8230533L, 
-544207139L, -1528723702L, -1375347160L, -539474287L, -592589181L, 
-1375375484L, 913319346L, 2035247879L, 660521297L, 355399894L, 
1363277236L, -2128866875L, 21700879L, -46399608L, 1656729254L, 
-1783284141L, 959143861L, 292588818L, -2118748448L, 1462324041L, 
-1283627653L, 220622924L, 1328384474L, 324674511L, -1386328679L, 
469980590L, -799620420L, 1848943405L, 1532981463L, -509290208L, 
1990950526L, -505894837L, 1598919245L, 1124356218L, -745111368L, 
569119329L, 874235923L, -1335679436L, -477990846L, 597823575L, 
1740620705L, 840361062L, -796652444L, -2052257899L, -761401153L, 
2141220952L, -1618144138L, 1773542531L, -1953551163L, 687294946L, 
1243041872L, 1471361401L, -1517435221L, -807047652L, 1541957962L, 
1162856767L, 605491081L, 1153519518L, -18850228L, 886720541L, 
507124135L, -1009648432L, 52452974L, 2052974875L, -1398838659L, 
1673203818L, -1588708088L, 1575487921L, -79348189L, -1971094748L, 
-566170670L, -1218496473L, 1691710065L, -1663231818L, 999399508L, 
-1999027995L, -509485841L, -168931288L, -143719290L, 2065100467L, 
-115199979L, 148202098L, -1697804608L, -981269719L, 289091995L, 
-453835156L, 1653000826L, -1382224977L, -514183495L, 662962382L, 
