.Random.seed <-
c(403L, 10L, -1779369852L, -447667001L, -1156397155L, -1921494252L, 
119914938L, -2109122555L, -156635681L, 1809277030L, 165072880L, 
1740613907L, -917236047L, -1127685792L, -1779034370L, -730434935L, 
1834765755L, 312792970L, -2122752404L, 448708591L, 1258772517L, 
-2120501028L, -1525981518L, -618786387L, -217655961L, -1830772082L, 
-936678552L, 15897451L, 1998646537L, 809657240L, -1942654266L, 
1680390177L, 1543081139L, -1259205086L, 1194528788L, -1569123177L, 
237452941L, -27431004L, 2100883850L, 1870966261L, 1941553231L, 
1537095510L, -619991552L, -1397891261L, -1716619551L, -1389161392L, 
1062460590L, -1892702119L, -217069461L, -107885094L, 2144237212L, 
-536196961L, -1829141771L, -563839092L, 19770978L, 925061693L, 
1075649719L, 2090296158L, -2083846504L, -1323817477L, 1311684505L, 
-82034648L, -329004842L, -976532143L, 1556782083L, 1173799826L, 
-420695772L, 1753098215L, 1875745853L, 274123444L, -258709222L, 
-865244571L, 1041112831L, -1204100218L, -2113182448L, 463551923L, 
1743494737L, -981000704L, 1301002974L, 374036777L, -491428645L, 
603890666L, -1457286260L, -1205316401L, 485014661L, -889211076L, 
2110039570L, -838064883L, 225267271L, -1857121234L, -1618650744L, 
2121293963L, 436451945L, 1282639416L, 1837514470L, 1412078209L, 
1603323411L, 1842926018L, -1770349964L, 494976119L, -2006661779L, 
-363275772L, -147883734L, 1425755797L, 568567087L, -1657970634L, 
-536652704L, 1013602979L, -1559138879L, 1307216304L, -436873010L, 
-1654282695L, 1309177931L, 1585867258L, -2000935684L, 2076641599L, 
-363739627L, 1650742572L, 52860418L, -2039599907L, -1064708137L, 
-1696193858L, 1886237944L, 1766476507L, 1821266233L, 65180808L, 
-1437281226L, 1203089521L, -995515741L, 1941518322L, -1158489276L, 
2749447L, 2093748701L, -2042081580L, 2091905530L, -414442171L, 
520153503L, 502045478L, 1215873968L, 500191315L, -1497756815L, 
1879456416L, 1367395902L, -1282235063L, -1248240645L, -667967542L, 
-1179225812L, 1927212335L, 1584403429L, 1159039644L, -692089102L, 
-1524826259L, -813213529L, -72697138L, 1542105128L, -102321109L, 
788149833L, -664682664L, -755271162L, 1281958881L, 1033290099L, 
55407074L, -737819308L, -1441924009L, 863699021L, 22053860L, 
-491036214L, 1282844725L, 751167119L, -1804200042L, 308902720L, 
1910191619L, 2088455201L, 30072592L, 382661870L, -552166247L, 
521042219L, 625520666L, 896477916L, -1894728993L, -191970123L, 
1555083852L, -1244758366L, 250988029L, -762794249L, 1971570718L, 
1879255768L, -21209541L, -1997026343L, 864803176L, -939167594L, 
-1160753647L, 12150723L, 43391954L, 779970148L, -2088847961L, 
1909582589L, -1178439948L, 2127956442L, 266194213L, -1838506945L, 
1521929158L, 2135369808L, 2030126195L, 2069833873L, -1373931328L, 
-2023460194L, 1323118185L, 2099904155L, -297495638L, 431388620L, 
919292559L, -1337040187L, 1779026556L, 125224658L, -1630997939L, 
-1507221753L, 1869497070L, 1962162120L, 1666463947L, 359762217L, 
-1768394376L, -439421274L, 953876673L, -2125903533L, -2019445246L, 
-824209612L, 2026757303L, -340726611L, -414748636L, 198253624L, 
-1806831846L, 2025434320L, 577896252L, 1902720916L, -1010195582L, 
-1029068352L, 1163214396L, -737352304L, -907911646L, 2046477576L, 
-52691316L, 981217052L, 234029202L, -338118272L, -1966762476L, 
-949702872L, 1709484602L, 157318608L, -1747990164L, 2031567796L, 
-926156782L, 939083232L, -1692149812L, -1244839712L, 748337186L, 
-687951576L, -2099999220L, -591943876L, 299799538L, 282192624L, 
1144483396L, 404918872L, 928423738L, 1102976496L, 329070268L, 
-73901804L, 2001310402L, -1180253088L, -972483716L, 703096784L, 
-2100924126L, 911063720L, 1763081100L, 1346537660L, -1527890126L, 
1883433536L, 1107451060L, 2110468680L, -1944570438L, 791740944L, 
585163500L, -889429676L, 1978016018L, -1670812256L, -208375092L, 
1639775840L, 635852738L, 1099937576L, -1044533332L, 1897395004L, 
445368690L, -1243129040L, -1101136604L, -475837640L, 1654664922L, 
-863336560L, -1964716292L, 2043083668L, 376533058L, 878318848L, 
-194575300L, -196312752L, 1152237730L, 1838215496L, 1075447564L, 
-848739620L, -1330389678L, -90073984L, -695013292L, 1205211112L, 
893888762L, 1246485328L, 769785644L, 1000999284L, 1325607826L, 
992901216L, -867017332L, -182535328L, 1084864994L, -358165592L, 
589501644L, -894251012L, 264463794L, -1053141520L, -799839292L, 
-2046528168L, -1359242886L, 1378911152L, -1194354244L, -1897756588L, 
1878656962L, 1050628128L, -525367108L, -1948065200L, -1509153822L, 
-1217372056L, -431229876L, 1348675836L, 1218571250L, -1047893760L, 
-1234939532L, -468075512L, -1211510854L, -813678128L, 1256074220L, 
1151709588L, -759467566L, 1223467360L, 1345773388L, -920413920L, 
614985602L, -1137565976L, -88698644L, -650693572L, -2042385550L, 
-351535504L, -383208412L, -1244509384L, 446598298L, 539718352L, 
814579900L, 1457516180L, 1992951426L, -265889600L, 298382140L, 
-239002480L, -184361438L, -366641144L, 1391869196L, 1767267484L, 
-2033197550L, 1205354368L, -1491390956L, -701150680L, 1889043770L, 
-355198512L, -1345522580L, 1699051828L, -741038446L, 1405242208L, 
892470092L, 259479520L, 1424893858L, 428820392L, -1195717236L, 
-249927492L, 1124485490L, -1562364688L, -1809121212L, 964743512L, 
1621653050L, -1953965200L, -1059440580L, -2046648556L, 425375170L, 
1449343712L, 118171516L, -1837273392L, 2074065058L, -7922648L, 
1000793356L, 826206140L, 1150806322L, -903697984L, 234031668L, 
897723336L, -2090698566L, -812230256L, -1458572820L, -43400620L, 
-816398190L, -1986658528L, 1043982796L, 1136580064L, -1799145790L, 
-1360567256L, -1368722772L, 1358611644L, 694843890L, -816447184L, 
300913828L, 1270228664L, 1841040730L, 547759504L, 622826364L, 
-2128332524L, -1547152574L, -791086336L, 48789436L, -1926021296L, 
993166114L, 1647205704L, -10880500L, -1508747172L, 903302354L, 
1644648960L, 1168559444L, -1565206040L, -2000806918L, -1258737456L, 
259538220L, 1963586292L, -759406L, -2067794848L, 2006549772L, 
-1175678240L, 1428752738L, 1245530792L, -1025945012L, -940883588L, 
-260799182L, 9932912L, -1297254588L, -690237992L, -119726982L, 
726927312L, 1549152110L, 1701848603L, 1532546941L, -364849814L, 
602541064L, 1652077745L, -1061727453L, -600645596L, -1531989294L, 
1167578919L, 1928014193L, 386322358L, 1946878804L, -636637723L, 
-202934289L, 617600808L, -1562153082L, -1883227213L, 1346300693L, 
1005372786L, 1883912640L, 1749400105L, 699653787L, 1698015084L, 
-701800582L, -68278097L, -1851644999L, 1895794126L, -1953664740L, 
-439667571L, 583956727L, -762932224L, 1390720606L, -1160050389L, 
433658413L, -1666749798L, -1303267752L, -379168319L, -1906170253L, 
1429644180L, 279779874L, 2050221367L, 17990657L, -603846394L, 
460979524L, 1148551285L, 1382306271L, -685720264L, 1218244374L, 
535334691L, 73223397L, -279250686L, -1710589072L, -1033612519L, 
-1883364597L, 1267691516L, 1262095402L, -1505157025L, 624216041L, 
119605502L, 1463908588L, -407569347L, -500592633L, 997510128L, 
-1559156850L, -256584261L, -306883683L, 570558794L, 1990820200L, 
-1879472303L, 108098627L, 1822424388L, -1098678798L, -1465452601L, 
81942929L, -1255174890L, -1902062220L, 896701445L, -1303325617L, 
1708140616L, 1249730022L, -1691978989L, 794346613L, -52388270L, 
982096032L, -1615064695L, 535093691L, 1286782476L, -1413961830L, 
-824774897L, -314526375L, -679473170L, -58665348L, -601735443L, 
-1996633705L, 493593184L, -595822530L, 1875230987L, 1145516941L, 
600772794L, -876783880L, -63783775L, 377563219L, 491811700L, 
-133418750L, 893972887L, -1247261855L, 1393668006L, 267303332L, 
-1749057451L, -1520356097L, 223599000L, -1095261514L, 1031617347L, 
-1361099131L, -2145670366L, 846483472L, 2075823033L, 840752235L, 
-1396252836L, -255064438L, -1845026177L, -1990497335L, 1983404126L, 
-804369652L, 318460637L, -1738671129L, 266477584L, -1164882642L, 
-1517895205L, 909235901L, -610728918L, 358151368L, -434081295L, 
-2041774237L, -697809052L, -1467015534L, 395959143L, -2126625487L, 
-125346186L, 1386561428L, 523426725L, 867773615L, 217522536L, 
-2001139386L, -1329815309L, -343400875L, 1012695602L, 564686848L, 
