.Random.seed <-
c(403L, 10L, -1237572282L, 1537921953L, -700637645L, 306910114L, 
-186521964L, -1460886249L, 1807983373L, 1368101412L, 811293194L, 
-906337419L, -1378031921L, -1195021866L, -1908554368L, -605028925L, 
-1807623327L, -2011725360L, 699947310L, 2048401625L, -520996117L, 
1793189722L, -697130724L, 1897195551L, 1792996469L, -333352692L, 
-758194974L, 1819751869L, -491109833L, -721760034L, 1538137112L, 
-426867845L, -1821396199L, -1151168600L, 547688278L, 331478993L, 
182199171L, -1213889006L, 1755619748L, -1454533273L, -1349608771L, 
-558753228L, 385425818L, -2110521883L, -172074625L, 1335750918L, 
-861435248L, 697719603L, -1190649647L, -1642532224L, -363469986L, 
735760553L, 1543844699L, 1850622314L, -946002932L, 221119567L, 
-379767547L, -346556996L, -623329134L, -1303104627L, -922500153L, 
1805416622L, 183777544L, -1036581109L, -1901067799L, -1763604808L, 
1823240550L, -2113703423L, 1438641299L, -54339774L, 742893812L, 
1878697207L, 544554221L, -1729761404L, -314941014L, 591861525L, 
418219439L, -1683837514L, -1222454304L, 1519975203L, -1290929087L, 
880316208L, -670622386L, -1489035335L, 1968806347L, 1327815290L, 
487280508L, -42262593L, 978126997L, -923994452L, -1558846334L, 
-1310604195L, 1526336343L, 606918206L, 425122424L, 729901403L, 
-1536489287L, 495053064L, 77896630L, -724707087L, -1149923549L, 
-1727030926L, 281824196L, -1814911097L, -304370339L, 2008122196L, 
1356044666L, -1885956923L, -1144928737L, 1030181286L, 1702904624L, 
1789456851L, -1138624527L, 484331808L, -1472286786L, 589242313L, 
1208561531L, -413428406L, 949150124L, -1614578513L, -1053235611L, 
-405840356L, 1019285618L, -1708914963L, 32418599L, -55654578L, 
-380178520L, -2119173205L, 1901099209L, -346750760L, 1354620294L, 
-201657247L, -902842893L, 1858663522L, -2006338860L, -784600105L, 
-1204983347L, -1125802652L, -1835935414L, 1164796085L, -116013041L, 
1341710614L, 305757120L, -327493757L, 1884829089L, -1761396336L, 
-1266859410L, 576148505L, 1100548267L, -1221116774L, -33162148L, 
1874520415L, 471505717L, -2122006836L, 307211298L, -780472707L, 
1963496311L, -1949274978L, 796711768L, -870048069L, 1151303769L, 
1549042664L, -725334506L, -1897207407L, -70956477L, 1716898130L, 
498695652L, -1033673689L, 777359485L, -1668219532L, 1727820122L, 
-1408256091L, -422193217L, -179950522L, 1124924112L, -458554125L, 
-689200623L, 1035228224L, -1810802658L, 959866601L, -1728433125L, 
-1518412758L, -1939833012L, -563845873L, -1022105531L, -28093956L, 
1471529042L, 1416554957L, -1755268217L, -90788242L, 2123374152L, 
680917067L, -1429466711L, 136310008L, 99235878L, 1742743873L, 
-1209047341L, 1703284354L, -1254771532L, -1901761481L, 1328254765L, 
-1648620476L, -630337174L, 1075023317L, 1486646127L, -939044234L, 
-689896032L, -371879325L, -590802175L, -2120971664L, 194209294L, 
-1415188871L, 1436662283L, 1097036602L, -806483396L, -1440855681L, 
46072533L, 826151660L, -1221442494L, -350028899L, -1355607529L, 
-1849170050L, -2105768648L, 1865290267L, -429499527L, -826180152L, 
1495630326L, 974001201L, -379541917L, -1766828788L, -1596862916L, 
-1249017614L, -528724240L, -1171321020L, 914677336L, 900364858L, 
-1669161232L, 1738600636L, 1981424148L, -2091768638L, 1811207264L, 
-1392878212L, 1467023568L, -1386351582L, 136580776L, 1609343884L, 
-294093380L, -1641976782L, -761804992L, -2046045004L, -101128376L, 
464599738L, 670162704L, -1112879892L, -1568664492L, -1584935150L, 
1215006624L, 789394380L, 543761248L, -731818814L, 855307816L, 
1194300844L, -2078307524L, 1548662642L, 2001712944L, 341693988L, 
1175655480L, -1165545254L, 1198589328L, 1014590204L, 214811540L, 
-1310472382L, -928477696L, -1505659332L, -488113584L, -73505118L, 
2102199112L, -800640500L, -1244223268L, 967502418L, -2087079808L, 
-372159660L, -267250200L, -494018822L, 202943312L, -297984980L, 
1314515316L, -589056366L, -1835233696L, 313804428L, 714893152L, 
-322188574L, 1049956520L, 2040491212L, 722575868L, 1794330546L, 
1375873520L, 159937988L, -1003644072L, 113913722L, 259327408L, 
-1431296580L, -1458830252L, 1492785090L, 1427560224L, -1784681540L, 
-1506900400L, -991622686L, -489110168L, -2120868532L, 1747498236L, 
1404300018L, -1828896000L, 2034896500L, 1038472200L, 1734388154L, 
504116176L, -1546197524L, 742510484L, 1565425362L, -1210402208L, 
1117551948L, -1066381024L, -502509950L, -503945752L, 2106942444L, 
54467132L, -1826666894L, 319454064L, 292704548L, 1839395384L, 
-1995589222L, -1644524080L, 1821773244L, 932320404L, -32941950L, 
-1807868480L, 1035341628L, -1027358576L, -406729950L, -139687416L, 
-1488639732L, -2006693476L, 2013661714L, 1478717312L, 2102463252L, 
1028489512L, -1997993926L, 1246911440L, 1474719340L, 218706484L, 
1043015314L, 1119870304L, -512014004L, 1548448736L, 432873890L, 
783006120L, 1770976908L, 2025897404L, -396971406L, -267531280L, 
-145128892L, 883781720L, -21511110L, 927265904L, -112204740L, 
-68557548L, -966194494L, -1184287008L, 487017596L, 538004176L, 
655370658L, 606477352L, -670882036L, -891236932L, 1966139186L, 
317140672L, -498757580L, -1489875256L, 1263802L, 531079824L, 
1886453484L, 1053137492L, 1578577554L, 1881959712L, 858367436L, 
1398492896L, 1618314434L, -211764184L, -2077822036L, 1771941564L, 
-1077536782L, -1082623440L, 522937252L, 1134603704L, 118312794L, 
993976464L, 696012668L, 536392980L, -68540094L, 1197577472L, 
1120666044L, 1377461584L, -301518558L, -928869816L, -1017854964L, 
-1484639652L, -155392558L, 1162894848L, -1421690540L, 663948520L, 
-952977158L, 937278160L, 2105786156L, -1661131532L, -340804206L, 
1488318816L, 1941843980L, -1526347552L, -1747626398L, -1397124952L, 
1409720396L, -2005534852L, -1636127438L, -928969104L, -1820698812L, 
2010213336L, 527902586L, 1940030512L, -331724868L, -1799775660L, 
226637890L, 1470170784L, -1991535940L, 750669776L, -1454329502L, 
1127557864L, 133057740L, 1954826748L, 164655602L, -2111883136L, 
-734462476L, 513239688L, 450586426L, -1346936496L, -1442103188L, 
572974484L, -2098432942L, 848572896L, -941674292L, -59983200L, 
-24020606L, 2053180648L, 2061062892L, -666764996L, -589499278L, 
1706127694L, -1710993508L, 447274253L, -2071050377L, 1257489280L, 
856988126L, -485237077L, -6217299L, -1927498214L, 956115160L, 
1862702401L, 66035187L, 1071352852L, 161485218L, 1760200375L, 
210948225L, -351999866L, -1951302460L, 2141755893L, -947334049L, 
268076728L, -762706026L, -2080449117L, 447545701L, 1572694146L, 
-1004404240L, 940038041L, 237244811L, -662442884L, 1691764394L, 
642785503L, 603457129L, -1410755458L, -1030652820L, -14869315L, 
19576199L, -1075310224L, 2118468622L, 753498427L, 237848093L, 
-726885686L, 665818600L, 2054486737L, -1718286653L, 1236446660L, 
-737498510L, 2074751815L, 267324177L, 130659990L, -1817031692L, 
-1579633275L, -553326385L, 1326662088L, -352190362L, 1761744531L, 
1011598837L, 1764186066L, 156017696L, 196818441L, -361615557L, 
-585162100L, 763115290L, 921950607L, 1465956057L, -1727211154L, 
1861870844L, -1199849875L, 1745074711L, -886181920L, -1678234690L, 
-691877493L, 1084676621L, 2105235002L, -1375437192L, -874990047L, 
1121618131L, 1139570676L, -1252827006L, 984693015L, -714633247L, 
1025378598L, 1564354596L, -816723243L, -438929793L, -1265436904L, 
1977185846L, -1319040829L, 264447237L, 655183010L, 1604883088L, 
-1931837895L, -1116012821L, -238534692L, -1753497078L, 652412159L, 
-1797910199L, -2129181986L, 1752330380L, 1276029021L, 1478084199L, 
-737839216L, 244882350L, 112992859L, -1720967619L, -1818574678L, 
509043016L, 1224107377L, -592588061L, -876996124L, -1947396846L, 
773056743L, -1674170703L, 1470223606L, -1758566636L, -1606250459L, 
188204335L, -1698747672L, 409536454L, 837393011L, 2022280405L, 
-199905614L, 1023637120L, -448151959L, 2039456475L, 612253228L, 
1839619642L, -186754833L, 1134879609L, -952168434L, 1743443420L, 
905737805L, -1695894089L, 1967229760L, 186452510L, 1467092203L, 
1291097197L, 1098654938L, -361976680L, 1231403777L, -1355358029L, 
-621007916L, 1656575714L, -1016363145L, 266734273L, 1643035206L, 
